0|002156.SZ|1|1|1
1|603300.SH|1|2|2
0|000981.SZ|1|3|3
0|000021.SZ|1|4|4
1|600362.SH|1|5|5
1|603011.SH|1|6|6
1|601899.SH|1|7|7
1|601727.SH|1|8|8
0|002460.SZ|1|9|9
0|002050.SZ|1|10|10
0|000559.SZ|1|11|11
1|600584.SH|1|12|12
0|002600.SZ|1|13|13
0|001309.SZ|1|14|14
1|600105.SH|1|15|15
0|002298.SZ|1|16|16
1|600711.SH|1|17|17
1|603799.SH|1|18|18
0|002709.SZ|1|19|19
0|002759.SZ|1|20|20
1|601127.SH|1|21|21
1|600895.SH|1|22|22
0|002513.SZ|1|23|23
1|603993.SH|1|24|24
0|000977.SZ|1|25|25
1|600089.SH|1|26|26
0|301308.SZ|1|27|27
0|000737.SZ|1|28|28
1|603986.SH|1|29|29
0|002475.SZ|1|30|30
1|600635.SH|1|31|31
0|002407.SZ|1|32|32
1|600629.SH|1|33|33
0|000878.SZ|1|34|34
1|600884.SH|1|35|35
0|002295.SZ|1|36|36
1|600641.SH|1|37|37
0|002241.SZ|1|38|38
0|002045.SZ|1|39|39
1|600468.SH|1|40|40
0|002074.SZ|1|41|41
0|002670.SZ|1|42|42
0|300432.SZ|1|43|43
1|600376.SH|1|44|44
0|300604.SZ|1|45|45
1|601138.SH|1|46|46
1|688981.SH|1|47|47
0|300014.SZ|1|48|48
0|300450.SZ|1|49|49
1|600111.SH|1|50|50
0|002549.SZ|1|51|51
0|300418.SZ|1|52|52
0|002340.SZ|1|53|53
0|300274.SZ|1|54|54
1|600988.SH|1|55|55
1|600580.SH|1|56|56
0|002466.SZ|1|57|57
1|601212.SH|1|58|58
0|001337.SZ|1|59|59
0|002150.SZ|1|60|60
0|002131.SZ|1|61|61
1|600021.SH|1|62|62
1|600601.SH|1|63|63
0|002594.SZ|1|64|64
0|002230.SZ|1|65|65
0|300750.SZ|1|66|66
1|603026.SH|1|67|67
0|000630.SZ|1|68|68
0|300502.SZ|1|69|69
0|002402.SZ|1|70|70
1|601618.SH|1|71|71
0|002130.SZ|1|72|72
1|603496.SH|1|73|73
1|601218.SH|1|74|74
0|300223.SZ|1|75|75
0|300475.SZ|1|76|76
1|603810.SH|1|77|77
0|002716.SZ|1|78|78
0|300476.SZ|1|79|79
1|603019.SH|1|80|80
1|600489.SH|1|81|81
0|300059.SZ|1|82|82
1|688521.SH|1|83|83
1|600522.SH|1|84|84
1|603259.SH|1|85|85
1|605020.SH|1|86|86
0|002195.SZ|1|87|87
1|601609.SH|1|88|88
1|603659.SH|1|89|89
0|000988.SZ|1|90|90
0|002249.SZ|1|91|91
1|688347.SH|1|92|92
0|002456.SZ|1|93|93
0|300115.SZ|1|94|94
1|600760.SH|1|95|95
0|301563.SZ|1|96|96
0|002645.SZ|1|97|97
0|300308.SZ|1|98|98
1|600547.SH|1|99|99
0|001287.SZ|1|100|100
1|600143.SH|1|101|101
1|601069.SH|1|102|102
0|002202.SZ|1|103|103
1|605376.SH|1|104|104
0|002837.SZ|1|105|105
0|000426.SZ|1|106|106
0|000960.SZ|1|107|107
1|603421.SH|1|108|108
0|000400.SZ|1|109|109
0|002049.SZ|1|110|110
0|300948.SZ|1|111|111
1|600206.SH|1|112|112
0|000063.SZ|1|113|113
1|688122.SH|1|114|114
1|601619.SH|1|115|115
1|688039.SH|1|116|116
1|601929.SH|1|117|117
0|002371.SZ|1|118|118
0|002245.SZ|1|119|119
0|300139.SZ|1|120|120
0|300346.SZ|1|121|121
1|605255.SH|1|122|122
0|000969.SZ|1|123|123
0|002812.SZ|1|124|124
1|688041.SH|1|125|125
1|601012.SH|1|126|126
0|002654.SZ|1|127|127
1|688008.SH|1|128|128
1|600667.SH|1|129|129
0|002213.SZ|1|130|130
0|002390.SZ|1|131|131
1|600410.SH|1|132|132
1|603189.SH|1|133|133
1|600531.SH|1|134|134
0|300786.SZ|1|135|135
0|002510.SZ|1|136|136
1|600960.SH|1|137|137
1|601600.SH|1|138|138
1|688256.SH|1|139|139
1|600170.SH|1|140|140
1|600989.SH|1|141|141
1|603618.SH|1|142|142
0|301358.SZ|1|143|143
0|300666.SZ|1|144|144
0|300769.SZ|1|145|145
0|002185.SZ|1|146|146
0|002415.SZ|1|147|147
0|002453.SZ|1|148|148
1|601689.SH|1|149|149
0|000006.SZ|1|150|150
1|600276.SH|1|151|151
0|002261.SZ|1|152|152
0|301171.SZ|1|153|153
0|300073.SZ|1|154|154
0|002409.SZ|1|155|155
1|600392.SH|1|156|156
1|603316.SH|1|157|157
0|300624.SZ|1|158|158
1|601606.SH|1|159|159
0|301137.SZ|1|160|160
0|002067.SZ|1|161|161
0|000603.SZ|1|162|162
1|688525.SH|1|163|163
0|001285.SZ|1|164|164
0|002941.SZ|1|165|165
0|000938.SZ|1|166|166
0|000923.SZ|1|167|167
1|601888.SH|1|168|168
1|605117.SH|1|169|169
1|603501.SH|1|170|170
1|605358.SH|1|171|171
1|603156.SH|1|172|172
1|600637.SH|1|173|173
1|603690.SH|1|174|174
1|600103.SH|1|175|175
1|600703.SH|1|176|176
0|002366.SZ|1|177|177
1|600699.SH|1|178|178
0|300464.SZ|1|179|179
0|300593.SZ|1|180|180
1|600460.SH|1|181|181
0|300111.SZ|1|182|182
0|301379.SZ|1|183|183
0|002155.SZ|1|184|184
1|600619.SH|1|185|185
0|000980.SZ|1|186|186
1|600676.SH|1|187|187
0|002190.SZ|1|188|188
1|601985.SH|1|189|189
0|300368.SZ|1|190|190
1|603686.SH|1|191|191
0|002631.SZ|1|192|192
1|603650.SH|1|193|193
1|605588.SH|1|194|194
0|000672.SZ|1|195|195
0|301421.SZ|1|196|196
0|000831.SZ|1|197|197
0|002140.SZ|1|198|198
1|603893.SH|1|199|199
1|603306.SH|1|200|200
0|300763.SZ|1|201|201
1|600519.SH|1|202|202
1|600875.SH|1|203|203
1|600171.SH|1|204|204
1|603118.SH|1|205|205
1|600030.SH|1|206|206
0|002115.SZ|1|207|207
1|600167.SH|1|208|208
1|600246.SH|1|209|209
1|603906.SH|1|210|210
0|002846.SZ|1|211|211
1|603083.SH|1|212|212
0|300618.SZ|1|213|213
0|300124.SZ|1|214|214
0|300458.SZ|1|215|215
1|688063.SH|1|216|216
0|002617.SZ|1|217|217
0|002400.SZ|1|218|218
0|300803.SZ|1|219|219
1|603878.SH|1|220|220
0|002208.SZ|1|221|221
0|300207.SZ|1|222|222
1|600745.SH|1|223|223
1|601615.SH|1|224|224
1|600157.SH|1|225|225
0|002638.SZ|1|226|226
1|600562.SH|1|227|227
1|603077.SH|1|228|228
0|000625.SZ|1|229|229
1|600309.SH|1|230|230
0|002129.SZ|1|231|231
1|688109.SH|1|232|232
0|000858.SZ|1|233|233
0|000158.SZ|1|234|234
0|002077.SZ|1|235|235
0|001298.SZ|1|236|236
0|002104.SZ|1|237|237
0|002276.SZ|1|238|238
0|000066.SZ|1|239|239
0|300260.SZ|1|240|240
1|600588.SH|1|241|241
0|300433.SZ|1|242|242
1|601168.SH|1|243|243
1|600126.SH|1|244|244
0|002065.SZ|1|245|245
0|000651.SZ|1|246|246
0|000762.SZ|1|247|247
0|002463.SZ|1|248|248
0|002985.SZ|1|249|249
0|002691.SZ|1|250|250
0|002082.SZ|1|251|251
1|600150.SH|1|252|252
0|002251.SZ|1|253|253
0|001301.SZ|1|254|254
0|002244.SZ|1|255|255
1|603881.SH|1|256|256
0|300250.SZ|1|257|257
1|600173.SH|1|258|258
1|600095.SH|1|259|259
0|300959.SZ|1|260|260
1|600839.SH|1|261|261
1|688585.SH|1|262|262
1|603728.SH|1|263|263
1|603322.SH|1|264|264
1|600031.SH|1|265|265
1|600900.SH|1|266|266
0|002471.SZ|1|267|267
0|300724.SZ|1|268|268
0|300316.SZ|1|269|269
0|002176.SZ|1|270|270
0|002210.SZ|1|271|271
1|600733.SH|1|272|272
0|300496.SZ|1|273|273
1|600810.SH|1|274|274
1|600487.SH|1|275|275
0|300128.SZ|1|276|276
0|301013.SZ|1|277|277
0|002571.SZ|1|278|278
0|000670.SZ|1|279|279
0|002183.SZ|1|280|280
0|300068.SZ|1|281|281
1|600556.SH|1|282|282
0|002756.SZ|1|283|283
1|688123.SH|1|284|284
0|300893.SZ|1|285|285
0|002611.SZ|1|286|286
0|002733.SZ|1|287|287
1|600006.SH|1|288|288
0|300080.SZ|1|289|289
1|600301.SH|1|290|290
0|000758.SZ|1|291|291
0|300827.SZ|1|292|292
1|600418.SH|1|293|293
0|002562.SZ|1|294|294
1|603959.SH|1|295|295
0|002602.SZ|1|296|296
0|000060.SZ|1|297|297
0|000009.SZ|1|298|298
0|002354.SZ|1|299|299
1|601360.SH|1|300|300
0|300661.SZ|1|301|301
0|003002.SZ|1|302|302
0|002629.SZ|1|303|303
1|688012.SH|1|304|304
1|600577.SH|1|305|305
0|300655.SZ|1|306|306
0|002266.SZ|1|307|307
0|300390.SZ|1|308|308
0|002167.SZ|1|309|309
1|603516.SH|1|310|310
0|000617.SZ|1|311|311
1|600490.SH|1|312|312
1|601877.SH|1|313|313
1|600498.SH|1|314|314
0|300394.SZ|1|315|315
1|603726.SH|1|316|316
0|000564.SZ|1|317|317
0|300037.SZ|1|318|318
0|300805.SZ|1|319|319
0|300438.SZ|1|320|320
1|600797.SH|1|321|321
0|000333.SZ|1|322|322
1|600118.SH|1|323|323
1|600570.SH|1|324|324
1|600104.SH|1|325|325
0|300413.SZ|1|326|326
1|600549.SH|1|327|327
1|600916.SH|1|328|328
0|002125.SZ|1|329|329
0|300033.SZ|1|330|330
1|603169.SH|1|331|331
0|300568.SZ|1|332|332
0|000985.SZ|1|333|333
0|002031.SZ|1|334|334
1|600160.SH|1|335|335
1|603200.SH|1|336|336
0|300748.SZ|1|337|337
0|000572.SZ|1|338|338
0|002048.SZ|1|339|339
1|600010.SH|1|340|340
0|002121.SZ|1|341|341
1|600996.SH|1|342|342
0|300229.SZ|1|343|343
1|601869.SH|1|344|344
1|600400.SH|1|345|345
0|002352.SZ|1|346|346
0|002145.SZ|1|347|347
0|002428.SZ|1|348|348
0|002558.SZ|1|349|349
1|603119.SH|1|350|350
0|002236.SZ|1|351|351
1|603626.SH|1|352|352
0|300058.SZ|1|353|353
0|002281.SZ|1|354|354
0|300697.SZ|1|355|355
0|002097.SZ|1|356|356
0|002365.SZ|1|357|357
0|301656.SZ|1|358|358
1|603005.SH|1|359|359
0|002583.SZ|1|360|360
0|002335.SZ|1|361|361
1|600110.SH|1|362|362
1|600977.SH|1|363|363
0|300237.SZ|1|364|364
0|000725.SZ|1|365|365
1|600630.SH|1|366|366
1|600509.SH|1|367|367
1|605178.SH|1|368|368
0|300339.SZ|1|369|369
1|600848.SH|1|370|370
0|002085.SZ|1|371|371
0|300302.SZ|1|372|372
0|300133.SZ|1|373|373
0|002555.SZ|1|374|374
0|002405.SZ|1|375|375
0|300378.SZ|1|376|376
0|000685.SZ|1|377|377
1|600728.SH|1|378|378
0|300010.SZ|1|379|379
1|603103.SH|1|380|380
0|000792.SZ|1|381|381
1|600869.SH|1|382|382
0|002173.SZ|1|383|383
0|300760.SZ|1|384|384
0|002192.SZ|1|385|385
1|600640.SH|1|386|386
0|002487.SZ|1|387|387
1|600226.SH|1|388|388
0|301518.SZ|1|389|389
1|600438.SH|1|390|390
0|000973.SZ|1|391|391
0|300493.SZ|1|392|392
0|300919.SZ|1|393|393
1|600196.SH|1|394|394
0|300364.SZ|1|395|395
1|603301.SH|1|396|396
1|601162.SH|1|397|397
1|688249.SH|1|398|398
1|601519.SH|1|399|399
0|002639.SZ|1|400|400
1|601688.SH|1|401|401
0|002916.SZ|1|402|402
0|002389.SZ|1|403|403
1|601919.SH|1|404|404
0|000880.SZ|1|405|405
0|300474.SZ|1|406|406
0|002714.SZ|1|407|407
0|002725.SZ|1|408|408
0|002246.SZ|1|409|409
1|603517.SH|1|410|410
0|300766.SZ|1|411|411
0|002237.SZ|1|412|412
1|600375.SH|1|413|413
1|688126.SH|1|414|414
0|002204.SZ|1|415|415
0|002925.SZ|1|416|416
0|002240.SZ|1|417|417
0|002735.SZ|1|418|418
0|300963.SZ|1|419|419
1|601611.SH|1|420|420
0|000100.SZ|1|421|421
0|300409.SZ|1|422|422
1|601020.SH|1|423|423
0|000796.SZ|1|424|424
0|002896.SZ|1|425|425
0|002765.SZ|1|426|426
0|300457.SZ|1|427|427
0|002738.SZ|1|428|428
0|300490.SZ|1|429|429
0|002920.SZ|1|430|430
1|601318.SH|1|431|431
1|600497.SH|1|432|432
1|603283.SH|1|433|433
0|000877.SZ|1|434|434
0|300007.SZ|1|435|435
0|000020.SZ|1|436|436
0|002008.SZ|1|437|437
0|000034.SZ|1|438|438
0|301348.SZ|1|439|439
0|002320.SZ|1|440|440
0|300811.SZ|1|441|441
1|605277.SH|1|442|442
1|600036.SH|1|443|443
0|002273.SZ|1|444|444
1|603296.SH|1|445|445
1|600338.SH|1|446|446
0|002217.SZ|1|447|447
0|002029.SZ|1|448|448
0|002850.SZ|1|449|449
0|002364.SZ|1|450|450
1|603228.SH|1|451|451
1|601116.SH|1|452|452
1|601933.SH|1|453|453
1|600406.SH|1|454|454
0|002595.SZ|1|455|455
0|000338.SZ|1|456|456
0|300398.SZ|1|457|457
0|002277.SZ|1|458|458
0|002028.SZ|1|459|459
1|600363.SH|1|460|460
0|000681.SZ|1|461|461
1|601126.SH|1|462|462
0|002384.SZ|1|463|463
1|688691.SH|1|464|464
0|002351.SZ|1|465|465
1|688110.SH|1|466|466
1|601288.SH|1|467|467
0|000799.SZ|1|468|468
0|002527.SZ|1|469|469
0|002803.SZ|1|470|470
0|000002.SZ|1|471|471
0|000819.SZ|1|472|472
0|002497.SZ|1|473|473
0|300184.SZ|1|474|474
0|002291.SZ|1|475|475
0|002911.SZ|1|476|476
1|603979.SH|1|477|477
0|000425.SZ|1|478|478
0|002518.SZ|1|479|479
0|000751.SZ|1|480|480
1|601398.SH|1|481|481
0|000661.SZ|1|482|482
1|688411.SH|1|483|483
0|302132.SZ|1|484|484
1|601958.SH|1|485|485
0|002272.SZ|1|486|486
0|300857.SZ|1|487|487
1|601026.SH|1|488|488
1|688005.SH|1|489|489
1|600050.SH|1|490|490
0|002534.SZ|1|491|491
0|002059.SZ|1|492|492
0|002625.SZ|1|493|493
0|301219.SZ|1|494|494
0|002472.SZ|1|495|495
1|603127.SH|1|496|496
0|002436.SZ|1|497|497
1|600219.SH|1|498|498
0|300251.SZ|1|499|499
0|000807.SZ|1|500|500
0|000776.SZ|1|501|501
0|300015.SZ|1|502|502
1|600887.SH|1|503|503
0|000826.SZ|1|504|504
0|300814.SZ|1|505|505
0|000851.SZ|1|506|506
1|688027.SH|1|507|507
0|002938.SZ|1|508|508
1|603988.SH|1|509|509
0|300170.SZ|1|510|510
1|603087.SH|1|511|511
1|603859.SH|1|512|512
0|002703.SZ|1|513|513
0|002052.SZ|1|514|514
0|000975.SZ|1|515|515
1|600961.SH|1|516|516
1|600256.SH|1|517|517
0|300001.SZ|1|518|518
1|600879.SH|1|519|519
0|300085.SZ|1|520|520
0|000818.SZ|1|521|521
1|600888.SH|1|522|522
0|002640.SZ|1|523|523
0|301584.SZ|1|524|524
1|603876.SH|1|525|525
0|000657.SZ|1|526|526
0|300042.SZ|1|527|527
0|000901.SZ|1|528|528
1|601669.SH|1|529|529
1|600459.SH|1|530|530
1|600172.SH|1|531|531
1|601677.SH|1|532|532
1|688469.SH|1|533|533
0|002530.SZ|1|534|534
0|000558.SZ|1|535|535
1|603269.SH|1|536|536
0|300046.SZ|1|537|537
1|601868.SH|1|538|538
1|601099.SH|1|539|539
0|300499.SZ|1|540|540
1|600326.SH|1|541|541
0|002564.SZ|1|542|542
0|000506.SZ|1|543|543
0|300759.SZ|1|544|544
0|300620.SZ|1|545|545
1|603290.SH|1|546|546
1|605589.SH|1|547|547
0|300850.SZ|1|548|548
0|000629.SZ|1|549|549
0|002929.SZ|1|550|550
0|001209.SZ|1|551|551
0|000875.SZ|1|552|552
1|600221.SH|1|553|553
0|000045.SZ|1|554|554
1|600930.SH|1|555|555
1|600967.SH|1|556|556
0|300925.SZ|1|557|557
0|002171.SZ|1|558|558
0|300153.SZ|1|559|559
0|301217.SZ|1|560|560
1|688072.SH|1|561|561
1|600893.SH|1|562|562
0|002347.SZ|1|563|563
0|002119.SZ|1|564|564
0|002310.SZ|1|565|565
1|600857.SH|1|566|566
0|000768.SZ|1|567|567
0|002021.SZ|1|568|568
0|002882.SZ|1|569|569
0|002747.SZ|1|570|570
1|600741.SH|1|571|571
1|603218.SH|1|572|572
0|300024.SZ|1|573|573
1|688766.SH|1|574|574
0|000777.SZ|1|575|575
0|301269.SZ|1|576|576
0|002212.SZ|1|577|577
1|600063.SH|1|578|578
0|002318.SZ|1|579|579
1|600330.SH|1|580|580
0|003021.SZ|1|581|581
0|000049.SZ|1|582|582
0|301238.SZ|1|583|583
1|600769.SH|1|584|584
0|002222.SZ|1|585|585
0|002255.SZ|1|586|586
1|601789.SH|1|587|587
0|000016.SZ|1|588|588
0|000408.SZ|1|589|589
1|601311.SH|1|590|590
1|688332.SH|1|591|591
1|603920.SH|1|592|592
0|000056.SZ|1|593|593
0|300017.SZ|1|594|594
1|600651.SH|1|595|595
0|002851.SZ|1|596|596
1|603286.SH|1|597|597
0|000062.SZ|1|598|598
1|600435.SH|1|599|599
0|002056.SZ|1|600|600
1|603936.SH|1|601|601
1|605090.SH|1|602|602
0|000887.SZ|1|603|603
1|601088.SH|1|604|604
0|300933.SZ|1|605|605
0|300035.SZ|1|606|606
1|600748.SH|1|607|607
1|601717.SH|1|608|608
0|002416.SZ|1|609|609
0|000039.SZ|1|610|610
0|002181.SZ|1|611|611
0|000519.SZ|1|612|612
1|605289.SH|1|613|613
0|002517.SZ|1|614|614
0|002149.SZ|1|615|615
0|002996.SZ|1|616|616
0|300468.SZ|1|617|617
1|600589.SH|1|618|618
0|002345.SZ|1|619|619
0|300442.SZ|1|620|620
0|301500.SZ|1|621|621
0|002207.SZ|1|622|622
1|603606.SH|1|623|623
0|301366.SZ|1|624|624
0|001696.SZ|1|625|625
1|603610.SH|1|626|626
1|603900.SH|1|627|627
1|601857.SH|1|628|628
1|600203.SH|1|629|629
1|603786.SH|1|630|630
0|002239.SZ|1|631|631
0|300842.SZ|1|632|632
1|600366.SH|1|633|633
0|000157.SZ|1|634|634
1|600048.SH|1|635|635
1|603090.SH|1|636|636
0|002370.SZ|1|637|637
1|600416.SH|1|638|638
0|002607.SZ|1|639|639
0|002414.SZ|1|640|640
0|002467.SZ|1|641|641
0|002229.SZ|1|642|642
1|603226.SH|1|643|643
1|600941.SH|1|644|644
0|002748.SZ|1|645|645
0|000422.SZ|1|646|646
1|600056.SH|1|647|647
0|002642.SZ|1|648|648
0|300324.SZ|1|649|649
1|603699.SH|1|650|650
0|301487.SZ|1|651|651
1|600690.SH|1|652|652
0|300212.SZ|1|653|653
0|000612.SZ|1|654|654
1|688416.SH|1|655|655
0|002040.SZ|1|656|656
1|603667.SH|1|657|657
1|688545.SH|1|658|658
1|600353.SH|1|659|659
1|603239.SH|1|660|660
1|601211.SH|1|661|661
0|002312.SZ|1|662|662
1|603305.SH|1|663|663
1|603843.SH|1|664|664
0|002657.SZ|1|665|665
1|601179.SH|1|666|666
1|600176.SH|1|667|667
1|600581.SH|1|668|668
0|002632.SZ|1|669|669
1|688390.SH|1|670|670
0|300782.SZ|1|671|671
1|603595.SH|1|672|672
1|600183.SH|1|673|673
1|601328.SH|1|674|674
1|688396.SH|1|675|675
1|688147.SH|1|676|676
1|600536.SH|1|677|677
1|600673.SH|1|678|678
1|601390.SH|1|679|679
0|002250.SZ|1|680|680
1|601698.SH|1|681|681
0|002006.SZ|1|682|682
0|000070.SZ|1|683|683
0|002659.SZ|1|684|684
0|000962.SZ|1|685|685
0|301236.SZ|1|686|686
0|002681.SZ|1|687|687
1|603063.SH|1|688|688
0|002708.SZ|1|689|689
0|300622.SZ|1|690|690
1|600259.SH|1|691|691
0|300548.SZ|1|692|692
0|002126.SZ|1|693|693
0|000933.SZ|1|694|694
1|603716.SH|1|695|695
0|002926.SZ|1|696|696
0|002584.SZ|1|697|697
0|300004.SZ|1|698|698
1|603222.SH|1|699|699
1|603823.SH|1|700|700
1|600718.SH|1|701|701
1|605055.SH|1|702|702
0|002553.SZ|1|703|703
0|000833.SZ|1|704|704
0|300222.SZ|1|705|705
0|002821.SZ|1|706|706
1|688608.SH|1|707|707
1|688275.SH|1|708|708
1|603068.SH|1|709|709
1|600100.SH|1|710|710
0|002378.SZ|1|711|711
0|300045.SZ|1|712|712
1|603359.SH|1|713|713
0|002547.SZ|1|714|714
1|603418.SH|1|715|715
1|600611.SH|1|716|716
0|002017.SZ|1|717|717
0|003816.SZ|1|718|718
1|600938.SH|1|719|719
1|688233.SH|1|720|720
0|002579.SZ|1|721|721
1|603216.SH|1|722|722
1|600436.SH|1|723|723
0|002805.SZ|1|724|724
1|600162.SH|1|725|725
1|600550.SH|1|726|726
0|000029.SZ|1|727|727
0|002915.SZ|1|728|728
0|000510.SZ|1|729|729
1|603032.SH|1|730|730
1|688235.SH|1|731|731
1|600783.SH|1|732|732
1|600537.SH|1|733|733
1|600403.SH|1|734|734
0|002939.SZ|1|735|735
1|601766.SH|1|736|736
0|000837.SZ|1|737|737
0|002338.SZ|1|738|738
1|688776.SH|1|739|739
1|601121.SH|1|740|740
0|002785.SZ|1|741|741
0|002418.SZ|1|742|742
0|002423.SZ|1|743|743
0|002559.SZ|1|744|744
1|688428.SH|1|745|745
1|600660.SH|1|746|746
0|300792.SZ|1|747|747
0|002648.SZ|1|748|748
0|300456.SZ|1|749|749
0|301209.SZ|1|750|750
0|000727.SZ|1|751|751
0|002091.SZ|1|752|752
0|301099.SZ|1|753|753
1|688385.SH|1|754|754
1|603051.SH|1|755|755
1|688082.SH|1|756|756
1|600255.SH|1|757|757
0|000001.SZ|1|758|758
0|001234.SZ|1|759|759
0|002515.SZ|1|760|760
1|600518.SH|1|761|761
0|300053.SZ|1|762|762
0|002169.SZ|1|763|763
0|300693.SZ|1|764|764
1|688503.SH|1|765|765
0|002326.SZ|1|766|766
1|603486.SH|1|767|767
1|688271.SH|1|768|768
0|002459.SZ|1|769|769
0|300790.SZ|1|770|770
1|600604.SH|1|771|771
1|688017.SH|1|772|772
0|002165.SZ|1|773|773
0|002180.SZ|1|774|774
1|603288.SH|1|775|775
1|600633.SH|1|776|776
0|300236.SZ|1|777|777
1|603757.SH|1|778|778
0|300331.SZ|1|779|779
0|300383.SZ|1|780|780
1|600809.SH|1|781|781
1|603101.SH|1|782|782
0|000536.SZ|1|783|783
0|000813.SZ|1|784|784
1|603160.SH|1|785|785
0|000691.SZ|1|786|786
1|688228.SH|1|787|787
0|002203.SZ|1|788|788
0|002429.SZ|1|789|789
0|300573.SZ|1|790|790
1|600602.SH|1|791|791
0|000568.SZ|1|792|792
0|301511.SZ|1|793|793
1|603444.SH|1|794|794
1|600114.SH|1|795|795
0|002342.SZ|1|796|796
0|000538.SZ|1|797|797
0|300077.SZ|1|798|798
1|600571.SH|1|799|799
0|002878.SZ|1|800|800
0|300454.SZ|1|801|801
0|000810.SZ|1|802|802
0|301165.SZ|1|803|803
0|002490.SZ|1|804|804
0|300054.SZ|1|805|805
1|601231.SH|1|806|806
0|000665.SZ|1|807|807
1|600732.SH|1|808|808
0|300953.SZ|1|809|809
0|300041.SZ|1|810|810
1|603181.SH|1|811|811
1|688120.SH|1|812|812
1|600415.SH|1|813|813
1|600801.SH|1|814|814
1|603320.SH|1|815|815
0|002090.SZ|1|816|816
1|603767.SH|1|817|817
0|301396.SZ|1|818|818
1|600610.SH|1|819|819
0|300785.SZ|1|820|820
0|002624.SZ|1|821|821
0|002269.SZ|1|822|822
0|002739.SZ|1|823|823
0|000892.SZ|1|824|824
1|603688.SH|1|825|825
1|603335.SH|1|826|826
0|300164.SZ|1|827|827
1|688018.SH|1|828|828
0|300322.SZ|1|829|829
1|603456.SH|1|830|830
1|601633.SH|1|831|831
1|600096.SH|1|832|832
0|000997.SZ|1|833|833
0|002015.SZ|1|834|834
1|688478.SH|1|835|835
0|300779.SZ|1|836|836
0|300718.SZ|1|837|837
0|002532.SZ|1|838|838
1|600120.SH|1|839|839
1|600958.SH|1|840|840
0|002164.SZ|1|841|841
0|002766.SZ|1|842|842
0|301668.SZ|1|843|843
0|000014.SZ|1|844|844
1|600721.SH|1|845|845
0|002263.SZ|1|846|846
0|002536.SZ|1|847|847
0|002307.SZ|1|848|848
0|301489.SZ|1|849|849
0|001979.SZ|1|850|850
1|601728.SH|1|851|851
0|300657.SZ|1|852|852
0|002146.SZ|1|853|853
0|001203.SZ|1|854|854
0|300738.SZ|1|855|855
1|600478.SH|1|856|856
0|300690.SZ|1|857|857
0|300436.SZ|1|858|858
1|600391.SH|1|859|859
1|605111.SH|1|860|860
0|002064.SZ|1|861|861
0|002913.SZ|1|862|862
1|688111.SH|1|863|863
0|300002.SZ|1|864|864
0|300043.SZ|1|865|865
1|601988.SH|1|866|866
0|002580.SZ|1|867|867
1|601388.SH|1|868|868
0|001332.SZ|1|869|869
0|002819.SZ|1|870|870
1|601908.SH|1|871|871
0|002570.SZ|1|872|872
1|600303.SH|1|873|873
0|300088.SZ|1|874|874
0|000524.SZ|1|875|875
1|603960.SH|1|876|876
0|002020.SZ|1|877|877
1|601137.SH|1|878|878
0|300185.SZ|1|879|879
1|603215.SH|1|880|880
0|300672.SZ|1|881|881
0|002154.SZ|1|882|882
0|300047.SZ|1|883|883
0|002743.SZ|1|884|884
0|002256.SZ|1|885|885
0|300539.SZ|1|886|886
1|603809.SH|1|887|887
0|300065.SZ|1|888|888
0|002123.SZ|1|889|889
1|600905.SH|1|890|890
0|300373.SZ|1|891|891
0|300224.SZ|1|892|892
0|301488.SZ|1|893|893
1|600744.SH|1|894|894
1|688472.SH|1|895|895
0|300781.SZ|1|896|896
1|601216.SH|1|897|897
1|600483.SH|1|898|898
0|002068.SZ|1|899|899
1|603969.SH|1|900|900
0|300774.SZ|1|901|901
1|600016.SH|1|902|902
0|001896.SZ|1|903|903
1|603178.SH|1|904|904
1|600425.SH|1|905|905
0|300290.SZ|1|906|906
0|001212.SZ|1|907|907
1|601969.SH|1|908|908
0|001208.SZ|1|909|909
0|002531.SZ|1|910|910
1|603363.SH|1|911|911
0|002294.SZ|1|912|912
1|600456.SH|1|913|913
0|300122.SZ|1|914|914
1|603257.SH|1|915|915
0|002179.SZ|1|916|916
1|600316.SH|1|917|917
1|603256.SH|1|918|918
0|000959.SZ|1|919|919
1|600200.SH|1|920|920
0|301152.SZ|1|921|921
1|688652.SH|1|922|922
1|600312.SH|1|923|923
0|001382.SZ|1|924|924
1|603937.SH|1|925|925
1|601208.SH|1|926|926
1|601006.SH|1|927|927
0|002062.SZ|1|928|928
1|603099.SH|1|929|929
0|002426.SZ|1|930|930
0|002413.SZ|1|931|931
1|603080.SH|1|932|932
0|002265.SZ|1|933|933
1|600749.SH|1|934|934
1|688629.SH|1|935|935
1|600776.SH|1|936|936
0|002542.SZ|1|937|937
1|603662.SH|1|938|938
1|603605.SH|1|939|939
0|301382.SZ|1|940|940
1|688343.SH|1|941|941
0|300252.SZ|1|942|942
0|002674.SZ|1|943|943
1|600845.SH|1|944|944
0|002139.SZ|1|945|945
0|301383.SZ|1|946|946
0|003022.SZ|1|947|947
0|300563.SZ|1|948|948
0|000528.SZ|1|949|949
0|002313.SZ|1|950|950
1|688777.SH|1|951|951
1|600843.SH|1|952|952
0|300520.SZ|1|953|953
1|603030.SH|1|954|954
0|002630.SZ|1|955|955
0|001330.SZ|1|956|956
0|002721.SZ|1|957|957
0|002951.SZ|1|958|958
1|600169.SH|1|959|959
0|002196.SZ|1|960|960
1|688778.SH|1|961|961
0|000876.SZ|1|962|962
1|603236.SH|1|963|963
0|002148.SZ|1|964|964
1|600808.SH|1|965|965
0|002886.SZ|1|966|966
0|002741.SZ|1|967|967
1|605136.SH|1|968|968
1|600592.SH|1|969|969
0|001221.SZ|1|970|970
0|002410.SZ|1|971|971
0|300204.SZ|1|972|972
1|600702.SH|1|973|973
1|600060.SH|1|974|974
1|601777.SH|1|975|975
0|300859.SZ|1|976|976
0|002315.SZ|1|977|977
0|000592.SZ|1|978|978
1|600367.SH|1|979|979
0|300303.SZ|1|980|980
1|600666.SH|1|981|981
1|600999.SH|1|982|982
0|001258.SZ|1|983|983
0|002968.SZ|1|984|984
1|603158.SH|1|985|985
1|603308.SH|1|986|986
1|603666.SH|1|987|987
0|002177.SZ|1|988|988
1|601890.SH|1|989|989
1|601061.SH|1|990|990
1|603399.SH|1|991|991
0|002537.SZ|1|992|992
0|300498.SZ|1|993|993
0|002036.SZ|1|994|994
1|605389.SH|1|995|995
1|600019.SH|1|996|996
1|603596.SH|1|997|997
0|001314.SZ|1|998|998
1|688506.SH|1|999|999
1|600383.SH|1|1000|1000
0|301052.SZ|1|1001|1001
1|601399.SH|1|1002|1002
0|301357.SZ|1|1003|1003
0|301629.SZ|1|1004|1004
0|000917.SZ|1|1005|1005
0|000698.SZ|1|1006|1006
1|603220.SH|1|1007|1007
1|600372.SH|1|1008|1008
0|300199.SZ|1|1009|1009
0|002182.SZ|1|1010|1010
1|600516.SH|1|1011|1011
1|600481.SH|1|1012|1012
1|600208.SH|1|1013|1013
1|688449.SH|1|1014|1014
0|301155.SZ|1|1015|1015
1|605499.SH|1|1016|1016
0|300363.SZ|1|1017|1017
0|300773.SZ|1|1018|1018
1|600704.SH|1|1019|1019
0|300270.SZ|1|1020|1020
1|600995.SH|1|1021|1021
1|600737.SH|1|1022|1022
0|002895.SZ|1|1023|1023
0|300846.SZ|1|1024|1024
0|002957.SZ|1|1025|1025
0|002392.SZ|1|1026|1026
0|002875.SZ|1|1027|1027
0|002514.SZ|1|1028|1028
0|300607.SZ|1|1029|1029
0|300818.SZ|1|1030|1030
1|601086.SH|1|1031|1031
0|300570.SZ|1|1032|1032
0|002465.SZ|1|1033|1033
0|300975.SZ|1|1034|1034
0|300366.SZ|1|1035|1035
1|600141.SH|1|1036|1036
1|600585.SH|1|1037|1037
0|002987.SZ|1|1038|1038
0|301306.SZ|1|1039|1039
0|300327.SZ|1|1040|1040
0|000410.SZ|1|1041|1041
1|688019.SH|1|1042|1042
1|600756.SH|1|1043|1043
0|300379.SZ|1|1044|1044
0|300131.SZ|1|1045|1045
0|002046.SZ|1|1046|1046
0|300144.SZ|1|1047|1047
1|600684.SH|1|1048|1048
1|600075.SH|1|1049|1049
0|001339.SZ|1|1050|1050
1|601136.SH|1|1051|1051
0|000678.SZ|1|1052|1052
1|603166.SH|1|1053|1053
0|300751.SZ|1|1054|1054
0|002651.SZ|1|1055|1055
1|688779.SH|1|1056|1056
1|600624.SH|1|1057|1057
0|000733.SZ|1|1058|1058
0|000709.SZ|1|1059|1059
1|603179.SH|1|1060|1060
0|000099.SZ|1|1061|1061
0|000958.SZ|1|1062|1062
0|000718.SZ|1|1063|1063
0|000850.SZ|1|1064|1064
1|603185.SH|1|1065|1065
0|002163.SZ|1|1066|1066
1|600079.SH|1|1067|1067
0|301029.SZ|1|1068|1068
0|301031.SZ|1|1069|1069
0|301349.SZ|1|1070|1070
0|001226.SZ|1|1071|1071
0|300459.SZ|1|1072|1072
1|600515.SH|1|1073|1073
1|603227.SH|1|1074|1074
0|002027.SZ|1|1075|1075
1|688403.SH|1|1076|1076
0|300650.SZ|1|1077|1077
0|003033.SZ|1|1078|1078
0|300706.SZ|1|1079|1079
0|300638.SZ|1|1080|1080
0|002796.SZ|1|1081|1081
1|600816.SH|1|1082|1082
1|600862.SH|1|1083|1083
1|688037.SH|1|1084|1084
1|601616.SH|1|1085|1085
0|000890.SZ|1|1086|1086
1|688297.SH|1|1087|1087
0|300904.SZ|1|1088|1088
1|603612.SH|1|1089|1089
0|002403.SZ|1|1090|1090
1|605298.SH|1|1091|1091
0|300660.SZ|1|1092|1092
0|300465.SZ|1|1093|1093
0|000885.SZ|1|1094|1094
0|002797.SZ|1|1095|1095
0|000700.SZ|1|1096|1096
0|000723.SZ|1|1097|1097
1|600348.SH|1|1098|1098
1|600561.SH|1|1099|1099
0|300576.SZ|1|1100|1100
0|000597.SZ|1|1101|1101
1|600735.SH|1|1102|1102
1|601939.SH|1|1103|1103
0|300296.SZ|1|1104|1104
0|002055.SZ|1|1105|1105
1|603398.SH|1|1106|1106
1|603009.SH|1|1107|1107
1|600268.SH|1|1108|1108
1|688335.SH|1|1109|1109
0|300377.SZ|1|1110|1110
1|600734.SH|1|1111|1111
1|603061.SH|1|1112|1112
0|300619.SZ|1|1113|1113
0|000785.SZ|1|1114|1114
1|601788.SH|1|1115|1115
1|601005.SH|1|1116|1116
0|002734.SZ|1|1117|1117
1|601699.SH|1|1118|1118
1|688234.SH|1|1119|1119
1|600889.SH|1|1120|1120
0|002304.SZ|1|1121|1121
1|601608.SH|1|1122|1122
未知|920185.BJ|1|1123|1123
0|300083.SZ|1|1124|1124
0|002457.SZ|1|1125|1125
0|002092.SZ|1|1126|1126
0|002369.SZ|1|1127|1127
0|002975.SZ|1|1128|1128
0|301551.SZ|1|1129|1129
0|300486.SZ|1|1130|1130
1|600361.SH|1|1131|1131
1|600061.SH|1|1132|1132
0|300480.SZ|1|1133|1133
0|002175.SZ|1|1134|1134
1|688499.SH|1|1135|1135
1|688213.SH|1|1136|1136
1|688660.SH|1|1137|1137
0|000688.SZ|1|1138|1138
0|002080.SZ|1|1139|1139
0|300945.SZ|1|1140|1140
0|300820.SZ|1|1141|1141
0|002114.SZ|1|1142|1142
1|603341.SH|1|1143|1143
0|002122.SZ|1|1144|1144
0|000970.SZ|1|1145|1145
0|300410.SZ|1|1146|1146
0|002232.SZ|1|1147|1147
1|600152.SH|1|1148|1148
1|605303.SH|1|1149|1149
1|601995.SH|1|1150|1150
0|000035.SZ|1|1151|1151
0|300507.SZ|1|1152|1152
1|600186.SH|1|1153|1153
0|300100.SZ|1|1154|1154
0|300182.SZ|1|1155|1155
0|300293.SZ|1|1156|1156
0|000155.SZ|1|1157|1157
0|002420.SZ|1|1158|1158
0|000821.SZ|1|1159|1159
1|600188.SH|1|1160|1160
1|601066.SH|1|1161|1161
0|000655.SZ|1|1162|1162
1|688567.SH|1|1163|1163
0|000999.SZ|1|1164|1164
0|300253.SZ|1|1165|1165
1|688775.SH|1|1166|1166
1|603110.SH|1|1167|1167
1|603123.SH|1|1168|1168
1|688787.SH|1|1169|1169
1|605378.SH|1|1170|1170
0|300113.SZ|1|1171|1171
0|300684.SZ|1|1172|1172
1|603266.SH|1|1173|1173
0|300209.SZ|1|1174|1174
1|603505.SH|1|1175|1175
1|601166.SH|1|1176|1176
1|603345.SH|1|1177|1177
0|000795.SZ|1|1178|1178
1|600058.SH|1|1179|1179
1|688088.SH|1|1180|1180
1|600325.SH|1|1181|1181
0|002226.SZ|1|1182|1182
1|600763.SH|1|1183|1183
1|688591.SH|1|1184|1184
0|300353.SZ|1|1185|1185
1|601956.SH|1|1186|1186
0|300528.SZ|1|1187|1187
0|002432.SZ|1|1188|1188
1|601696.SH|1|1189|1189
1|601718.SH|1|1190|1190
0|002001.SZ|1|1191|1191
1|600340.SH|1|1192|1192
0|300623.SZ|1|1193|1193
1|603297.SH|1|1194|1194
0|000957.SZ|1|1195|1195
0|002292.SZ|1|1196|1196
1|600028.SH|1|1197|1197
0|002891.SZ|1|1198|1198
1|603078.SH|1|1199|1199
0|000581.SZ|1|1200|1200
0|300435.SZ|1|1201|1201
0|300276.SZ|1|1202|1202
1|603956.SH|1|1203|1203
0|000555.SZ|1|1204|1204
0|300003.SZ|1|1205|1205
1|688135.SH|1|1206|1206
0|002626.SZ|1|1207|1207
1|688535.SH|1|1208|1208
0|002271.SZ|1|1209|1209
1|601881.SH|1|1210|1210
1|600691.SH|1|1211|1211
0|002385.SZ|1|1212|1212
1|600023.SH|1|1213|1213
0|000759.SZ|1|1214|1214
0|300783.SZ|1|1215|1215
1|600337.SH|1|1216|1216
1|601238.SH|1|1217|1217
1|603389.SH|1|1218|1218
1|600235.SH|1|1219|1219
0|002158.SZ|1|1220|1220
1|600885.SH|1|1221|1221
0|002755.SZ|1|1222|1222
0|000628.SZ|1|1223|1223
1|600835.SH|1|1224|1224
1|603985.SH|1|1225|1225
0|300328.SZ|1|1226|1226
1|605188.SH|1|1227|1227
0|002905.SZ|1|1228|1228
1|688106.SH|1|1229|1229
0|301078.SZ|1|1230|1230
0|002094.SZ|1|1231|1231
1|600113.SH|1|1232|1232
1|600499.SH|1|1233|1233
1|603663.SH|1|1234|1234
1|603045.SH|1|1235|1235
1|600119.SH|1|1236|1236
0|000889.SZ|1|1237|1237
0|000721.SZ|1|1238|1238
0|300757.SZ|1|1239|1239
0|002009.SZ|1|1240|1240
0|002685.SZ|1|1241|1241
1|600545.SH|1|1242|1242
1|603260.SH|1|1243|1243
1|600877.SH|1|1244|1244
1|603258.SH|1|1245|1245
1|601816.SH|1|1246|1246
1|603887.SH|1|1247|1247
1|601016.SH|1|1248|1248
0|002060.SZ|1|1249|1249
1|601169.SH|1|1250|1250
0|002373.SZ|1|1251|1251
0|002026.SZ|1|1252|1252
1|603366.SH|1|1253|1253
0|002484.SZ|1|1254|1254
0|002362.SZ|1|1255|1255
0|002157.SZ|1|1256|1256
1|605488.SH|1|1257|1257
未知|920015.BJ|1|1258|1258
0|001267.SZ|1|1259|1259
1|603163.SH|1|1260|1260
1|600986.SH|1|1261|1261
0|300999.SZ|1|1262|1262
0|002439.SZ|1|1263|1263
1|600886.SH|1|1264|1264
1|603683.SH|1|1265|1265
0|300551.SZ|1|1266|1266
1|600405.SH|1|1267|1267
1|600009.SH|1|1268|1268
0|002302.SZ|1|1269|1269
1|601668.SH|1|1270|1270
1|600600.SH|1|1271|1271
1|688158.SH|1|1272|1272
1|603196.SH|1|1273|1273
0|301292.SZ|1|1274|1274
1|603800.SH|1|1275|1275
1|688627.SH|1|1276|1276
1|600590.SH|1|1277|1277
0|002108.SZ|1|1278|1278
0|301297.SZ|1|1279|1279
0|300569.SZ|1|1280|1280
0|002761.SZ|1|1281|1281
0|002120.SZ|1|1282|1282
0|003040.SZ|1|1283|1283
1|600332.SH|1|1284|1284
1|601966.SH|1|1285|1285
1|601225.SH|1|1286|1286
1|603839.SH|1|1287|1287
1|601818.SH|1|1288|1288
1|603002.SH|1|1289|1289
0|000017.SZ|1|1290|1290
1|603678.SH|1|1291|1291
0|300192.SZ|1|1292|1292
0|002174.SZ|1|1293|1293
0|300772.SZ|1|1294|1294
1|600706.SH|1|1295|1295
0|002073.SZ|1|1296|1296
0|002223.SZ|1|1297|1297
1|603040.SH|1|1298|1298
1|600085.SH|1|1299|1299
0|300603.SZ|1|1300|1300
1|603806.SH|1|1301|1301
0|300121.SZ|1|1302|1302
0|300986.SZ|1|1303|1303
1|601778.SH|1|1304|1304
0|002317.SZ|1|1305|1305
1|688711.SH|1|1306|1306
0|000680.SZ|1|1307|1307
0|002346.SZ|1|1308|1308
1|688006.SH|1|1309|1309
0|000533.SZ|1|1310|1310
0|300421.SZ|1|1311|1311
1|603668.SH|1|1312|1312
0|002303.SZ|1|1313|1313
0|002815.SZ|1|1314|1314
1|688148.SH|1|1315|1315
0|300687.SZ|1|1316|1316
1|603477.SH|1|1317|1317
1|600501.SH|1|1318|1318
0|002603.SZ|1|1319|1319
1|601598.SH|1|1320|1320
1|600626.SH|1|1321|1321
0|300867.SZ|1|1322|1322
0|301413.SZ|1|1323|1323
0|002601.SZ|1|1324|1324
0|000025.SZ|1|1325|1325
1|688331.SH|1|1326|1326
0|002057.SZ|1|1327|1327
1|688322.SH|1|1328|1328
1|603790.SH|1|1329|1329
0|000983.SZ|1|1330|1330
0|002563.SZ|1|1331|1331
0|301389.SZ|1|1332|1332
0|300836.SZ|1|1333|1333
0|002194.SZ|1|1334|1334
1|603918.SH|1|1335|1335
1|688225.SH|1|1336|1336
0|002772.SZ|1|1337|1337
0|002757.SZ|1|1338|1338
0|002491.SZ|1|1339|1339
1|600798.SH|1|1340|1340
1|600475.SH|1|1341|1341
1|600184.SH|1|1342|1342
0|300256.SZ|1|1343|1343
0|300408.SZ|1|1344|1344
1|600919.SH|1|1345|1345
0|002635.SZ|1|1346|1346
0|002152.SZ|1|1347|1347
0|301150.SZ|1|1348|1348
0|002394.SZ|1|1349|1349
0|000069.SZ|1|1350|1350
0|000561.SZ|1|1351|1351
0|002881.SZ|1|1352|1352
0|002448.SZ|1|1353|1353
1|688172.SH|1|1354|1354
0|300537.SZ|1|1355|1355
1|600378.SH|1|1356|1356
1|600535.SH|1|1357|1357
0|300567.SZ|1|1358|1358
1|600370.SH|1|1359|1359
0|002660.SZ|1|1360|1360
1|603829.SH|1|1361|1361
1|600250.SH|1|1362|1362
1|688047.SH|1|1363|1363
0|002079.SZ|1|1364|1364
0|002368.SZ|1|1365|1365
0|300634.SZ|1|1366|1366
0|300319.SZ|1|1367|1367
0|000530.SZ|1|1368|1368
1|603195.SH|1|1369|1369
0|000004.SZ|1|1370|1370
0|300277.SZ|1|1371|1371
0|300905.SZ|1|1372|1372
1|600026.SH|1|1373|1373
1|688033.SH|1|1374|1374
0|002219.SZ|1|1375|1375
0|002151.SZ|1|1376|1376
1|600166.SH|1|1377|1377
0|001331.SZ|1|1378|1378
1|688099.SH|1|1379|1379
1|603507.SH|1|1380|1380
0|301590.SZ|1|1381|1381
0|300671.SZ|1|1382|1382
0|000949.SZ|1|1383|1383
0|000756.SZ|1|1384|1384
1|600795.SH|1|1385|1385
0|002940.SZ|1|1386|1386
1|688223.SH|1|1387|1387
0|300591.SZ|1|1388|1388
0|002778.SZ|1|1389|1389
0|301148.SZ|1|1390|1390
1|603727.SH|1|1391|1391
0|300642.SZ|1|1392|1392
1|603889.SH|1|1393|1393
1|688116.SH|1|1394|1394
0|000420.SZ|1|1395|1395
1|600698.SH|1|1396|1396
1|600159.SH|1|1397|1397
0|001283.SZ|1|1398|1398
1|603991.SH|1|1399|1399
1|603212.SH|1|1400|1400
